15 30
139 55 129 119 93 147 97 131 59 55 103 147 113 95 55 133 148 65 98 116 69 135 70 111 85 124 122 78 54 79
86 92 91 140 115 105 115 137 79 133 59 98 54 65 126 144 106 115 51 141 94 97 85 110 145 114 114 135 120 61
149 125 85 131 145 84 61 52 75 109 122 134 98 119 59 115 99 83 69 60 60 150 121 70 142 136 80 87 91 149
104 87 97 83 116 91 55 133 62 127 139 78 100 83 133 129 58 141 60 128 110 115 71 100 97 121 116 126 104 88
127 99 116 94 136 73 79 97 50 141 117 147 55 99 106 122 112 89 116 86 55 107 77 138 112 108 109 112 62 93
143 75 62 81 103 115 89 69 107 128 116 117 56 95 81 64 143 72 129 50 148 77 67 133 95 127 126 108 87 68
84 65 103 111 86 122 133 61 72 110 150 105 77 102 60 79 100 86 128 103 150 53 69 134 138 114 118 94 73 130
108 69 100 124 53 119 64 143 141 82 105 76 74 78 80 142 122 78 81 139 68 121 81 114 118 62 122 99 58 87
89 85 101 64 87 117 132 77 88 130 92 97 145 67 107 91 91 114 134 122 141 88 116 113 150 108 131 71 59 139
111 131 53 79 97 127 110 75 60 104 126 61 103 138 87 103 85 51 132 87 119 51 89 62 52 83 144 71 96 99
60 64 60 56 89 140 120 95 115 83 56 70 108 110 114 77 71 123 93 112 135 147 127 74 67 96 67 101 76 62
126 130 67 98 115 63 136 66 56 127 65 104 141 147 140 95 58 54 123 52 108 59 136 72 62 139 95 115 122 145
106 77 93 134 131 109 145 57 55 133 135 67 61 120 147 109 150 88 114 87 135 128 52 144 149 83 113 97 102 104
138 55 112 129 80 115 102 132 96 114 72 78 81 66 63 118 69 107 98 62 78 57 82 91 134 149 142 142 92 133
118 143 81 59 130 140 101 120 132 103 138 105 58 143 82 71 120 75 61 63 90 127 134 142 124 138 56 141 147 123
100
7 2
14 26
12 11
3 22
1 10
12 15
11 24
10 23
12 28
7 30
12 5
9 10
4 5
15 9
14 17
8 11
4 19
11 17
15 10
11 20
4 4
12 24
6 8
6 15
3 1
10 18
13 12
14 1
3 5
10 20
6 26
14 11
15 18
2 4
2 30
13 8
1 13
5 29
7 12
9 12
9 8
8 4
9 5
2 8
13 9
14 8
12 27
2 27
14 24
10 25
6 12
11 26
2 16
9 12
10 20
4 28
14 19
10 4
3 30
1 30
13 7
1 13
6 30
4 17
14 7
6 23
13 12
4 29
11 27
8 15
8 5
6 12
4 13
5 4
15 20
2 3
8 22
12 23
6 25
10 5
15 23
7 16
12 26
9 28
7 8
11 27
8 8
9 5
13 12
5 17
9 9
14 20
11 4
12 28
12 8
7 21
1 11
6 22
13 20
15 2
